# unix_time, cycles_done, cur_path, paths_total, pending_total, pending_favs, map_size, unique_crashes, unique_hangs, max_depth, execs_per_sec
1684485374, 0, 0, 1, 1, 1, 0.01%, 0, 0, 1, 64.00
1684485384, 4, 0, 1, 0, 0, 0.01%, 0, 0, 1, 139.46
1684485389, 10, 0, 1, 0, 0, 0.01%, 0, 0, 1, 140.43
1684485395, 16, 0, 1, 0, 0, 0.01%, 0, 0, 1, 149.54
1684485400, 22, 0, 1, 0, 0, 0.01%, 0, 0, 1, 151.47
1684485405, 28, 0, 1, 0, 0, 0.01%, 0, 0, 1, 151.66
1684485410, 34, 0, 1, 0, 0, 0.01%, 0, 0, 1, 151.34
1684485415, 40, 0, 1, 0, 0, 0.01%, 0, 0, 1, 152.00
1684485420, 46, 0, 1, 0, 0, 0.01%, 0, 0, 1, 152.28
1684485425, 52, 0, 1, 0, 0, 0.01%, 0, 0, 1, 152.83
1684485430, 58, 0, 1, 0, 0, 0.01%, 0, 0, 1, 152.59
1684485435, 64, 0, 1, 0, 0, 0.01%, 0, 0, 1, 153.32
1684485440, 70, 0, 1, 0, 0, 0.01%, 0, 0, 1, 138.18
1684485445, 76, 0, 1, 0, 0, 0.01%, 0, 0, 1, 143.75
1684485450, 81, 0, 1, 0, 0, 0.01%, 0, 0, 1, 147.47
1684485455, 87, 0, 1, 0, 0, 0.01%, 0, 0, 1, 152.02
